62, 10, 74, 5, 41, 40, 46, 95, 66, 6, 93, 24, 16, 85, 90, 21, 3, 51, 69, 58, 64, 23, 28, 26, 76, 14, 32, 91, 17, 59, 81, 8, 35, 87, 42, 65, 25, 30, 2, 50, 48, 52, 29, 54, 94, 89,
79, 31, 11, 61, 7, 20, 18, 53, 19, 68, 38, 43, 37, 80, 56, 36, 47, 96, 33, 70, 12, 49, 39, 67, 15, 55, 60, 4, 71, 27, 98, 75, 77, 63, 99, 57, 78, 44, 83, 84, 9, 88, 13, 45, 34, 72,
100, 82, 73, 86, 92, 1, 97, 22, 84, 90, 79, 65, 97, 22, 54, 9, 38, 24, 42, 45, 87, 56, 26, 29, 66, 3, 81, 50, 17, 36, 59, 57, 30, 82, 2, 71, 85, 12, 77, 40, 91, 95, 49, 7, 23, 76, 6,
98, 73, 8, 21, 68, 48, 83, 60, 11, 46, 41, 19, 1, 37, 96, 20, 64, 74, 72, 25, 58, 93, 100, 32, 55, 52, 61, 14, 80, 16, 69, 51, 99, 43, 89, 27, 94, 34, 15, 39, 47, 28, 70, 67, 4, 88,
10, 33, 86, 31, 92, 78, 44, 35, 63, 13, 53, 5, 18, 62, 75, 38, 68, 64, 2, 81, 31, 26, 82, 35, 90, 27, 66, 6, 69, 42, 3, 44, 50, 62, 61, 1, 48, 80, 47, 76, 21, 55, 11, 93, 20, 33, 22,
57, 15, 40, 8, 34, 77, 71, 97, 51, 10, 96, 74, 98, 59, 14, 16, 60, 63, 41, 46, 18, 52, 17, 84, 83, 70, 75, 87, 4, 25, 73, 91, 94, 49, 12, 37, 72, 54, 53, 79, 36, 5, 13, 39, 43, 7, 65,
56, 99, 88, 85, 24, 29, 58, 100, 45, 78, 92, 32, 86, 9, 67, 23, 28, 30, 89, 95, 19, 97, 54, 48, 57, 45, 83, 37, 1, 52, 4, 73, 76, 42, 50, 96, 66, 82, 64, 87, 32, 19, 20, 62, 21, 8, 67,
51, 90, 99, 44, 56, 26, 10, 71, 3, 23, 78, 38, 98, 25, 39, 5, 17, 33, 34, 61, 95, 46, 72, 40, 16, 13, 93, 55, 63, 85, 49, 15, 12, 75, 6, 35, 68, 30, 86, 14, 94, 24, 27, 81, 59, 60, 2,
47, 69, 31, 70, 79, 22, 36, 41, 58, 89, 65, 91, 18, 84, 29, 43, 92, 74, 7, 28, 11, 77, 100, 80, 53, 9, 88, 69, 57, 26, 97, 19, 52, 47, 1, 6, 62, 27, 11, 55, 15, 68, 74, 24, 78, 32, 99,
98, 80, 50, 7, 41, 38, 56, 46, 77, 34, 8, 67, 94, 22, 93, 81, 76, 49, 37, 92, 31, 12, 58, 85, 53, 87, 91, 20, 61, 72, 40, 86, 3, 18, 63, 66, 90, 60, 16, 48, 14, 23, 84, 96, 70, 44, 89,
59, 10, 33, 45, 43, 42, 75, 51, 64, 100, 39, 21, 54, 73, 82, 71, 28, 30, 13, 2, 5, 9, 88, 17, 29, 65, 35, 25, 79, 4, 36, 83, 95